function coordinates = initialize_cube_two(num_particles, length_cube) % FCC crystal
%     one_side = (2*num_particles)^(1/3); 
%     coordinates = zeros(3*num_particles,1);
%     i = 1;
%     particle_spacing = length_cube / (one_side - 1);
%     for x = 0:particle_spacing:length_cube
%         for y = 0:particle_spacing:length_cube
%             if (mod(x+y,2*particle_spacing) == 0)
%                for z = 0:2*particle_spacing:length_cube
%                   coordinates(i:i+2) = [x,y,z]';
%                   i = i + 3;
%                end
%             else
%                 for z = particle_spacing:2*particle_spacing:length_cube
%                   coordinates(i:i+2) = [x,y,z]';
%                   i = i + 3;
%                end
%             end
%         end
%     end
    coordinates  = [-0.226297733562655,0.0672847255112089,0.261461238444349;0.0772678804005033,0.223898165004253,1.62689027710707;-0.0232769171382565,0.00644722817479483,3.10151754431973;0.355652105711583,-0.197497586293751,4.88885429288647;0.179441131747547,0.403284587156146,6.87111975585736;0.274182337013528,-0.197777229104692,8.51251637544220;-0.271062874964803,0.992675493624829,0.826417189355609;-0.513256753430374,0.731825934905639,2.42726051235725;0.0635024576823764,1.06737733069018,4.16492640923257;0.132719840784018,1.13398612013468,5.87734149939679;-0.0433725089769226,0.705314536382758,7.95376287508410;0.351626982590229,0.753469012020982,9.24698538224127;0.247181134261109,1.70400516233783,0.347927872118461;-0.0267951231150884,1.89900071026233,1.36725219417861;-0.355986595525067,1.58857394714196,3.33461953391225;-0.0151973374213149,1.76614331735397,4.99356665282778;0.0749618068040675,1.76831936882023,6.80338644431153;0.142809272036262,1.63415264420454,8.49227438980882;0.323152046801472,2.92872893587784,0.818138838722884;-0.283638909719225,3.09580505235346,2.83802051918941;0.283345146075229,2.41371012222241,4.19651507535787;0.137758603056092,2.38344618423672,5.99627891506974;0.211692685771136,2.44383276691361,7.55022681976942;0.150386679098627,2.84228069863236,9.58874325189987;0.351618778527964,3.58051112412946,0.00838964456438773;-0.484605776749617,3.81631228681109,1.72749972282793;0.110658817819904,3.97878014778030,3.68996513581510;0.232596963911806,3.14634578981515,5.11995717894777;-0.0386566246980830,3.07768396011143,6.79571218269876;-0.0307173640293545,3.68970054824222,8.67616789421192;0.0844407017269436,4.49232672669544,0.557680150158933;-0.291971662780254,4.44147279438167,2.82650073790126;0.140726543288859,4.15298392932561,4.69515494035935;-0.270461011365758,3.98480111879844,5.81294796817530;-0.0581570077413236,3.97842010201187,7.51010567339979;0.408840692532444,4.59961280600658,9.48506252533410;0.148674858332698,5.34777539849143,0.113427317090116;0.0941349125879214,4.99428433570655,1.63895017524815;-0.0938314670558718,5.14339724787988,3.63331870460320;-0.148657236839676,5.13662052479165,5.27915533661803;-0.173186961735220,4.75030589759547,6.59387218277940;-0.199038537007943,5.04034125373944,8.36146000531887;-0.0526184874350148,5.90586408124634,1.05491036025791;-0.0802727578268269,5.76718524774742,2.76062357272380;-0.0762776607130908,6.03188423947585,4.28248650251097;0.0595763414441263,5.99744373442262,6.04199192491139;-0.204654910998239,5.94815832602434,7.53545085516562;0.229698653683471,6.21497393102153,9.53825003482755;-0.136430260487763,6.73855818124669,0.260403313602379;-0.173538627511853,7.02179809307081,1.87772717228540;-0.196094686713515,6.86706288968205,3.47972314818099;0.196785420771037,6.59820281371920,5.24761430601664;0.216668977057058,6.83624710004630,6.88133039613665;0.125095308498111,6.60885208367242,8.54875189066948;-0.0407734960068901,7.70817177234974,1.04535697627169;-0.586303948075989,7.79108541742047,2.79832194499358;0.103629011429679,7.48501961502306,4.43880254383728;-0.0968906935738353,7.41057951093226,6.14868195159490;-0.0180445311285055,7.59820327179271,8.10835621558930;0.111767594658795,7.44329833977934,9.48017524420539;-0.230125859712663,8.01752195813053,-0.0276077197785516;0.156127578356700,8.53140157866867,2.19417862581371;-0.0952086677433037,8.48913329472240,3.35133492078122;0.375982400067621,8.07933403740131,5.45458407359272;-0.330191289786593,8.38242731653710,7.03172972409191;-0.0154912878434493,8.63777303862195,8.66245515759781;0.0842951473540125,9.40165081302891,0.945524803311928;-0.376186695675735,9.31750405146863,2.72530786562476;0.104234756466489,9.36626930504533,3.94920668776548;0.292551384038323,9.35274533249062,5.82227014331230;-0.178435727094332,9.28210714480287,7.69477395652053;-0.175037468627658,9.31699319209310,9.67702772539853;1.25064127309712,-0.273129579219724,0.702368513286301;0.885478164948156,0.0947990925975916,2.46451436590252;0.896565182806189,0.452000212259456,4.10739069529250;0.688188720938771,0.0737768724960556,6.01540126260379;0.650377174101341,-0.265406105259011,7.42365939553707;0.661043091331297,-0.401476023873115,9.79997112623980;0.583691412780788,0.555830453956596,0.00999443941111703;0.964647324893318,1.01632664701502,1.74959806742087;0.581649551636919,0.855593106233259,3.11677819451020;0.800334434551342,1.05710519604821,5.03692830814172;1.05190289888689,0.954134392607867,6.65435955011172;0.863991644751111,0.818652965918297,8.43662625715317;0.952005486960542,1.83686401711105,1.11745691201305;0.648267832244830,1.79278086270834,2.54991080808536;1.03474719716746,1.53334127033834,3.91154644996175;0.953279517703058,1.76335960844603,5.97071028171708;0.997600215420315,1.24120992697139,7.59600665451120;0.751268791082041,1.55296860785950,9.67933576597310;0.973628769663970,2.43879506206785,-0.120725307935621;0.530071644693843,2.77239207973545,1.87048935451834;0.967235388303933,2.61737836995501,3.24506104985249;0.975706896695444,2.14425250399897,5.02868780319178;0.952548889584380,2.24884427465068,6.89806686553987;0.493598641209276,2.70816630060773,8.57507497514197;1.09274645409067,3.93739961726352,0.799861852700043;0.525000370925919,3.84317112515566,2.76769288649938;0.963406091104586,3.26387465728060,4.21641147521151;1.10723285792030,2.85811386155790,6.17862814495718;0.714649090829462,3.38951547406256,7.87660213343105;0.867197495183822,3.46240778224794,9.29166134373632;1.20963536825954,4.50075307509373,-0.0668211900590987;0.541706304586523,3.86257175900595,1.57478570224617;1.08055579146832,4.46563213388477,3.61243227519033;0.893883003464092,4.16533273426126,5.40772874866904;0.680522154632957,3.90724925022981,6.66819973708290;0.681415891567952,4.37276214257938,8.31889055649196;0.905152574523969,5.13206440225362,0.807843192559051;0.570549535733048,4.99220083195857,2.68638692474685;0.696898208649570,5.03455907493415,4.58659868929792;0.813253619163285,4.83345472336164,6.15853956774941;0.665375982969152,5.14623869242646,7.56276022347876;1.14963013280392,5.43408783207812,9.30668984260823;0.950512988556120,6.08510410828580,0.0944556028602753;0.444115215475205,6.13642609310873,1.88864144858905;0.656787380340175,5.94286434656549,3.40494047573980;0.956105017834059,5.71506235478952,5.40309995216841;0.754685408142824,6.03054218937074,6.83681764064055;0.660553985047956,5.72000247786860,8.44965697325562;0.628017659370791,6.74463044823926,1.06324811278409;0.384009251583542,6.68047068903647,2.66457910418219;0.742375416708251,6.62077819029894,4.29125468329268;0.860013206276416,6.87333990160842,6.12057578054314;0.867907561192614,6.64773968111514,7.87658799890956;1.03918170066289,6.79749950479258,9.65652236624286;0.738589659045973,7.64092677351740,0.184848454261351;0.810025526237197,7.62031091049537,1.91742206305337;0.387214040615963,7.65019079093282,3.26409241068100;0.863459741170753,7.24623121365697,5.09171460694339;0.796216524305479,7.60211733617129,6.86463774591790;0.981825872788827,7.38907044288584,8.73972005487079;0.988121918907697,8.66933851281740,1.30783113236207;0.971700664022592,8.46897899198971,2.68332023163320;0.766212470296505,8.37329134998192,3.92461187231208;1.03892981136144,8.54507450472292,6.24055412620428;